5
6
5,6
2
2,5
7
5,7
1
1,5
2,6

2,5,6
3
3,5
2,3
2,3,5
2,7
2,5,7
6,7
earnlevelresettime,200
5,6,7
1,6

1,5,6
3,6
3,5,6
2,3,6
2,3,5,6
2,6,7
2,5,6,7
1,2
1,2,5
1,2,6
earnlevelresettime,1000

1,2,5,6
3,7
3,5,7
2,3,7
2,3,5,7
1,3
1,3,5
1,2,3
1,2,3,5
3,6,7
earnlevelresettime,1000

3,5,6,7
2,3,6,7
2,3,5,6,7
1,3,6
1,3,5,6
1,2,3,6
1,2,3,5,6
1,7
1,5,7
8
earnlevelresettime,1000

5,8
1,6,7
1,5,6,7
4
1,2,7
1,2,5,7
6,8
5,6,8
7,8
5,7,8
2,8
earnlevelresettime,1000
earnmaxlevelgained,12

2,5,8
4,6
3,4
1,2,6,7
1,2,5,6,7

2,4
2,3,4
1,4
3,4,6
earnlevelresettime,1000
earnmaxlevelgained,24

1,3,7
1,3,5,7


挑戦72なので階位リセットして世界開放
earnrankresettime,1
1,2,3,5,6,7
あshrinkworld

2,3,4,6
1,2,3,7

1,2,3,5,7
1,8
1,5,8
1,3,7
1,3,5,7
6,7,8
5,6,7,8

2,6,8
2,5,6,8




2,7,8
2,6,7,8

earnlevelresettime,1e7


rank,6,7,8
rank,2,7,8
rank,2,6,7,8
rank,3,7,8
rank,2,3,7,8
rank,3,6,8
rank,2,3,6,8
rank,3,6,7,8
rank,2,3,6,7,8

rank,4,6
rank,3,4,6
rank,2,3,4,6
rank,3,4
rank,2,3,4
rank,2,4,6

rank,2,5,7,8
rank,1,2,6,7
rank,1,2,5,6,7
rank,1,3,7
rank,1,3,5,7
rank,1,2,3,7
rank,1,2,3,5,7

rank,5,6,7,8
rank,2,5,6,7
rank,2,5,6,8
rank,2,5,6,7,8
rank,3,5,8
rank,3,5,7,8

rank,2,3,5,8
rank,2,3,5,7,8

rank,8
rank,5,8
rank,1,3,6,7
rank,1,3,5,6,7

rank,1,8
rank,1,5,8
rank,1,2,8

rank,1,2,3,6,7
rank,1,2,3,5,6,7

3,4,7,8
3,4,6,7,8
2,4,7,8
2,4,6,7,8
1,4,7
4,5,8
4,5,7,8
4,5,6,8
4,5,6,7,8

2,3,4,7,8
2,3,4,6,7,8

rank,2,3,5,6,7,8
rank,1,2,5,8
rank,1,6,8
rank,1,4
rank,1,4,6
rank,1,3,4
rank,1,3,4,6
rank,1,3,8
rank,1,2,6,8
rank,1,3,6,8

rank,4,8
rank,3,4,8
rank,2,4,8
rank,2,3,4,8
rank,4,6,8
rank,3,4,6,8
rank,2,4,6,8
rank,2,3,4,6,8
rank,1,2,4
rank,1,2,4,6
rank,1,2,3,4
rank,1,2,3,4,6
rank,1,2,3,8
rank,1,2,3,6,8

rank,1,4,8
rank,4,7
rank,3,5,6,8
rank,2,3,5,6,8
rank,3,5,6,7,8
1,3,4,7
2,4,5,8
2,4,5,7,8
1,3,4,6,7
rank,1,4,6,8
rank,1,3,4,8
あrank,4,6,7
あrank,1,2,4,8
あrank,1,5,6,8
あrank,1,2,3,4,8
















